16646400,16581120,16515840,16450560,16385280,16320000,16254720,16189440,16124160,16058880,15993600,15928320,15863040,15797760,15732480,15667200,15601920,15536640,15471360,15406080,15340800,15275520,15210240,15144960,15079680,15014400,14949120,14883840,14818560,14753280,14688000,14622720,14557440,14492160,14426880,14361600,14296320,14231040,14165760,14100480,14035200,13969920,13904640,13839360,13774080,13708800,13643520,13578240,13512960,13447680,13382400,13317120,13251840,13186560,13121280,13056000,12990720,12925440,12860160,12794880,12729600,12664320,12599040,12533760,12468480,12403200,12337920,12272640,12207360,12142080,12076800,12011520,11946240,11880960,11815680,11750400,11685120,11619840,11554560,11489280,11424000,11358720,11293440,11228160,11162880,11097600,11032320,10967040,10901760,10836480,10771200,10705920,10640640,10575360,10510080,10444800,10379520,10314240,10248960,10183680,10118400,10053120,9987840,9922560,9857280,9792000,9726720,9661440,9596160,9530880,9465600,9400320,9335040,9269760,9204480,9139200,9073920,9008640,8943360,8878080,8812800,8747520,8682240,8616960,8551680,8486400,8421120,8355840,8290560,8225280,8160000,8094720,8029440,7964160,7898880,7833600,7768320,7703040,7637760,7572480,7507200,7441920,7376640,7311360,7246080,7180800,7115520,7050240,6984960,6919680,6854400,6789120,6723840,6658560,6593280,6528000,6462720,6397440,6332160,6266880,6201600,6136320,6071040,6005760,5940480,5875200,5809920,5744640,5679360,5614080,5548800,5483520,5418240,5352960,5287680,5222400,5157120,5091840,5026560,4961280,4896000,4830720,4765440,4700160,4634880,4569600,4504320,4439040,4373760,4308480,4243200,4177920,4112640,4047360,3982080,3916800,3851520,3786240,3720960,3655680,3590400,3525120,3459840,3394560,3329280,3264000,3198720,3133440,3068160,3002880,2937600,2872320,2807040,2741760,2676480,2611200,2545920,2480640,2415360,2350080,2284800,2219520,2154240,2088960,2023680,1958400,1893120,1827840,1762560,1697280,1632000,1566720,1501440,1436160,1370880,1305600,1240320,1175040,1109760,1044480,979200,913920,848640,783360,718080,652800,587520,522240,456960,391680,326400,261120,195840,130560,65280,65280
16581120,16516096,16451072,16386048,16321024,16256000,16190976,16125952,16060928,15995904,15930880,15865856,15800832,15735808,15670784,15605760,15540736,15475712,15410688,15345664,15280640,15215616,15150592,15085568,15020544,14955520,14890496,14825472,14760448,14695424,14630400,14565376,14500352,14435328,14370304,14305280,14240256,14175232,14110208,14045184,13980160,13915136,13850112,13785088,13720064,13655040,13590016,13524992,13459968,13394944,13329920,13264896,13199872,13134848,13069824,13004800,12939776,12874752,12809728,12744704,12679680,12614656,12549632,12484608,12419584,12354560,12289536,12224512,12159488,12094464,12029440,11964416,11899392,11834368,11769344,11704320,11639296,11574272,11509248,11444224,11379200,11314176,11249152,11184128,11119104,11054080,10989056,10924032,10859008,10793984,10728960,10663936,10598912,10533888,10468864,10403840,10338816,10273792,10208768,10143744,10078720,10013696,9948672,9883648,9818624,9753600,9688576,9623552,9558528,9493504,9428480,9363456,9298432,9233408,9168384,9103360,9038336,8973312,8908288,8843264,8778240,8713216,8648192,8583168,8518144,8453120,8388096,8323072,8258048,8193024,8128000,8062976,7997952,7932928,7867904,7802880,7737856,7672832,7607808,7542784,7477760,7412736,7347712,7282688,7217664,7152640,7087616,7022592,6957568,6892544,6827520,6762496,6697472,6632448,6567424,6502400,6437376,6372352,6307328,6242304,6177280,6112256,6047232,5982208,5917184,5852160,5787136,5722112,5657088,5592064,5527040,5462016,5396992,5331968,5266944,5201920,5136896,5071872,5006848,4941824,4876800,4811776,4746752,4681728,4616704,4551680,4486656,4421632,4356608,4291584,4226560,4161536,4096512,4031488,3966464,3901440,3836416,3771392,3706368,3641344,3576320,3511296,3446272,3381248,3316224,3251200,3186176,3121152,3056128,2991104,2926080,2861056,2796032,2731008,2665984,2600960,2535936,2470912,2405888,2340864,2275840,2210816,2145792,2080768,2015744,1950720,1885696,1820672,1755648,1690624,1625600,1560576,1495552,1430528,1365504,1300480,1235456,1170432,1105408,1040384,975360,910336,845312,780288,715264,650240,585216,520192,455168,390144,325120,260096,195072,130048,65024,65024
16515840,16451072,16386304,16321536,16256768,16192000,16127232,16062464,15997696,15932928,15868160,15803392,15738624,15673856,15609088,15544320,15479552,15414784,15350016,15285248,15220480,15155712,15090944,15026176,14961408,14896640,14831872,14767104,14702336,14637568,14572800,14508032,14443264,14378496,14313728,14248960,14184192,14119424,14054656,13989888,13925120,13860352,13795584,13730816,13666048,13601280,13536512,13471744,13406976,13342208,13277440,13212672,13147904,13083136,13018368,12953600,12888832,12824064,12759296,12694528,12629760,12564992,12500224,12435456,12370688,12305920,12241152,12176384,12111616,12046848,11982080,11917312,11852544,11787776,11723008,11658240,11593472,11528704,11463936,11399168,11334400,11269632,11204864,11140096,11075328,11010560,10945792,10881024,10816256,10751488,10686720,10621952,10557184,10492416,10427648,10362880,10298112,10233344,10168576,10103808,10039040,9974272,9909504,9844736,9779968,9715200,9650432,9585664,9520896,9456128,9391360,9326592,9261824,9197056,9132288,9067520,9002752,8937984,8873216,8808448,8743680,8678912,8614144,8549376,8484608,8419840,8355072,8290304,8225536,8160768,8096000,8031232,7966464,7901696,7836928,7772160,7707392,7642624,7577856,7513088,7448320,7383552,7318784,7254016,7189248,7124480,7059712,6994944,6930176,6865408,6800640,6735872,6671104,6606336,6541568,6476800,6412032,6347264,6282496,6217728,6152960,6088192,6023424,5958656,5893888,5829120,5764352,5699584,5634816,5570048,5505280,5440512,5375744,5310976,5246208,5181440,5116672,5051904,4987136,4922368,4857600,4792832,4728064,4663296,4598528,4533760,4468992,4404224,4339456,4274688,4209920,4145152,4080384,4015616,3950848,3886080,3821312,3756544,3691776,3627008,3562240,3497472,3432704,3367936,3303168,3238400,3173632,3108864,3044096,2979328,2914560,2849792,2785024,2720256,2655488,2590720,2525952,2461184,2396416,2331648,2266880,2202112,2137344,2072576,2007808,1943040,1878272,1813504,1748736,1683968,1619200,1554432,1489664,1424896,1360128,1295360,1230592,1165824,1101056,1036288,971520,906752,841984,777216,712448,647680,582912,518144,453376,388608,323840,259072,194304,129536,64768,64768
16450560,16386048,16321536,16257024,16192512,16128000,16063488,15998976,15934464,15869952,15805440,15740928,15676416,15611904,15547392,15482880,15418368,15353856,15289344,15224832,15160320,15095808,15031296,14966784,14902272,14837760,14773248,14708736,14644224,14579712,14515200,14450688,14386176,14321664,14257152,14192640,14128128,14063616,13999104,13934592,13870080,13805568,13741056,13676544,13612032,13547520,13483008,13418496,13353984,13289472,13224960,13160448,13095936,13031424,12966912,12902400,12837888,12773376,12708864,12644352,12579840,12515328,12450816,12386304,12321792,12257280,12192768,12128256,12063744,11999232,11934720,11870208,11805696,11741184,11676672,11612160,11547648,11483136,11418624,11354112,11289600,11225088,11160576,11096064,11031552,10967040,10902528,10838016,10773504,10708992,10644480,10579968,10515456,10450944,10386432,10321920,10257408,10192896,10128384,10063872,9999360,9934848,9870336,9805824,9741312,9676800,9612288,9547776,9483264,9418752,9354240,9289728,9225216,9160704,9096192,9031680,8967168,8902656,8838144,8773632,8709120,8644608,8580096,8515584,8451072,8386560,8322048,8257536,8193024,8128512,8064000,7999488,7934976,7870464,7805952,7741440,7676928,7612416,7547904,7483392,7418880,7354368,7289856,7225344,7160832,7096320,7031808,6967296,6902784,6838272,6773760,6709248,6644736,6580224,6515712,6451200,6386688,6322176,6257664,6193152,6128640,6064128,5999616,5935104,5870592,5806080,5741568,5677056,5612544,5548032,5483520,5419008,5354496,5289984,5225472,5160960,5096448,5031936,4967424,4902912,4838400,4773888,4709376,4644864,4580352,4515840,4451328,4386816,4322304,4257792,4193280,4128768,4064256,3999744,3935232,3870720,3806208,3741696,3677184,3612672,3548160,3483648,3419136,3354624,3290112,3225600,3161088,3096576,3032064,2967552,2903040,2838528,2774016,2709504,2644992,2580480,2515968,2451456,2386944,2322432,2257920,2193408,2128896,2064384,1999872,1935360,1870848,1806336,1741824,1677312,1612800,1548288,1483776,1419264,1354752,1290240,1225728,1161216,1096704,1032192,967680,903168,838656,774144,709632,645120,580608,516096,451584,387072,322560,258048,193536,129024,64512,64512
16385280,16321024,16256768,16192512,16128256,16064000,15999744,15935488,15871232,15806976,15742720,15678464,15614208,15549952,15485696,15421440,15357184,15292928,15228672,15164416,15100160,15035904,14971648,14907392,14843136,14778880,14714624,14650368,14586112,14521856,14457600,14393344,14329088,14264832,14200576,14136320,14072064,14007808,13943552,13879296,13815040,13750784,13686528,13622272,13558016,13493760,13429504,13365248,13300992,13236736,13172480,13108224,13043968,12979712,12915456,12851200,12786944,12722688,12658432,12594176,12529920,12465664,12401408,12337152,12272896,12208640,12144384,12080128,12015872,11951616,11887360,11823104,11758848,11694592,11630336,11566080,11501824,11437568,11373312,11309056,11244800,11180544,11116288,11052032,10987776,10923520,10859264,10795008,10730752,10666496,10602240,10537984,10473728,10409472,10345216,10280960,10216704,10152448,10088192,10023936,9959680,9895424,9831168,9766912,9702656,9638400,9574144,9509888,9445632,9381376,9317120,9252864,9188608,9124352,9060096,8995840,8931584,8867328,8803072,8738816,8674560,8610304,8546048,8481792,8417536,8353280,8289024,8224768,8160512,8096256,8032000,7967744,7903488,7839232,7774976,7710720,7646464,7582208,7517952,7453696,7389440,7325184,7260928,7196672,7132416,7068160,7003904,6939648,6875392,6811136,6746880,6682624,6618368,6554112,6489856,6425600,6361344,6297088,6232832,6168576,6104320,6040064,5975808,5911552,5847296,5783040,5718784,5654528,5590272,5526016,5461760,5397504,5333248,5268992,5204736,5140480,5076224,5011968,4947712,4883456,4819200,4754944,4690688,4626432,4562176,4497920,4433664,4369408,4305152,4240896,4176640,4112384,4048128,3983872,3919616,3855360,3791104,3726848,3662592,3598336,3534080,3469824,3405568,3341312,3277056,3212800,3148544,3084288,3020032,2955776,2891520,2827264,2763008,2698752,2634496,2570240,2505984,2441728,2377472,2313216,2248960,2184704,2120448,2056192,1991936,1927680,1863424,1799168,1734912,1670656,1606400,1542144,1477888,1413632,1349376,1285120,1220864,1156608,1092352,1028096,963840,899584,835328,771072,706816,642560,578304,514048,449792,385536,321280,257024,192768,128512,64256,64256
16320000,16256000,16192000,16128000,16064000,16000000,15936000,15872000,15808000,15744000,15680000,15616000,15552000,15488000,15424000,15360000,15296000,15232000,15168000,15104000,15040000,14976000,14912000,14848000,14784000,14720000,14656000,14592000,14528000,14464000,14400000,14336000,14272000,14208000,14144000,14080000,14016000,13952000,13888000,13824000,13760000,13696000,13632000,13568000,13504000,13440000,13376000,13312000,13248000,13184000,13120000,13056000,12992000,12928000,12864000,12800000,12736000,12672000,12608000,12544000,12480000,12416000,12352000,12288000,12224000,12160000,12096000,12032000,11968000,11904000,11840000,11776000,11712000,11648000,11584000,11520000,11456000,11392000,11328000,11264000,11200000,11136000,11072000,11008000,10944000,10880000,10816000,10752000,10688000,10624000,10560000,10496000,10432000,10368000,10304000,10240000,10176000,10112000,10048000,9984000,9920000,9856000,9792000,9728000,9664000,9600000,9536000,9472000,9408000,9344000,9280000,9216000,9152000,9088000,9024000,8960000,8896000,8832000,8768000,8704000,8640000,8576000,8512000,8448000,8384000,8320000,8256000,8192000,8128000,8064000,8000000,7936000,7872000,7808000,7744000,7680000,7616000,7552000,7488000,7424000,7360000,7296000,7232000,7168000,7104000,7040000,6976000,6912000,6848000,6784000,6720000,6656000,6592000,6528000,6464000,6400000,6336000,6272000,6208000,6144000,6080000,6016000,5952000,5888000,5824000,5760000,5696000,5632000,5568000,5504000,5440000,5376000,5312000,5248000,5184000,5120000,5056000,4992000,4928000,4864000,4800000,4736000,4672000,4608000,4544000,4480000,4416000,4352000,4288000,4224000,4160000,4096000,4032000,3968000,3904000,3840000,3776000,3712000,3648000,3584000,3520000,3456000,3392000,3328000,3264000,3200000,3136000,3072000,3008000,2944000,2880000,2816000,2752000,2688000,2624000,2560000,2496000,2432000,2368000,2304000,2240000,2176000,2112000,2048000,1984000,1920000,1856000,1792000,1728000,1664000,1600000,1536000,1472000,1408000,1344000,1280000,1216000,1152000,1088000,1024000,960000,896000,832000,768000,704000,640000,576000,512000,448000,384000,320000,256000,192000,128000,64000,64000
16254720,16190976,16127232,16063488,15999744,15936000,15872256,15808512,15744768,15681024,15617280,15553536,15489792,15426048,15362304,15298560,15234816,15171072,15107328,15043584,14979840,14916096,14852352,14788608,14724864,14661120,14597376,14533632,14469888,14406144,14342400,14278656,14214912,14151168,14087424,14023680,13959936,13896192,13832448,13768704,13704960,13641216,13577472,13513728,13449984,13386240,13322496,13258752,13195008,13131264,13067520,13003776,12940032,12876288,12812544,12748800,12685056,12621312,12557568,12493824,12430080,12366336,12302592,12238848,12175104,12111360,12047616,11983872,11920128,11856384,11792640,11728896,11665152,11601408,11537664,11473920,11410176,11346432,11282688,11218944,11155200,11091456,11027712,10963968,10900224,10836480,10772736,10708992,10645248,10581504,10517760,10454016,10390272,10326528,10262784,10199040,10135296,10071552,10007808,9944064,9880320,9816576,9752832,9689088,9625344,9561600,9497856,9434112,9370368,9306624,9242880,9179136,9115392,9051648,8987904,8924160,8860416,8796672,8732928,8669184,8605440,8541696,8477952,8414208,8350464,8286720,8222976,8159232,8095488,8031744,7968000,7904256,7840512,7776768,7713024,7649280,7585536,7521792,7458048,7394304,7330560,7266816,7203072,7139328,7075584,7011840,6948096,6884352,6820608,6756864,6693120,6629376,6565632,6501888,6438144,6374400,6310656,6246912,6183168,6119424,6055680,5991936,5928192,5864448,5800704,5736960,5673216,5609472,5545728,5481984,5418240,5354496,5290752,5227008,5163264,5099520,5035776,4972032,4908288,4844544,4780800,4717056,4653312,4589568,4525824,4462080,4398336,4334592,4270848,4207104,4143360,4079616,4015872,3952128,3888384,3824640,3760896,3697152,3633408,3569664,3505920,3442176,3378432,3314688,3250944,3187200,3123456,3059712,2995968,2932224,2868480,2804736,2740992,2677248,2613504,2549760,2486016,2422272,2358528,2294784,2231040,2167296,2103552,2039808,1976064,1912320,1848576,1784832,1721088,1657344,1593600,1529856,1466112,1402368,1338624,1274880,1211136,1147392,1083648,1019904,956160,892416,828672,764928,701184,637440,573696,509952,446208,382464,318720,254976,191232,127488,63744,63744
16189440,16125952,16062464,15998976,15935488,15872000,15808512,15745024,15681536,15618048,15554560,15491072,15427584,15364096,15300608,15237120,15173632,15110144,15046656,14983168,14919680,14856192,14792704,14729216,14665728,14602240,14538752,14475264,14411776,14348288,14284800,14221312,14157824,14094336,14030848,13967360,13903872,13840384,13776896,13713408,13649920,13586432,13522944,13459456,13395968,13332480,13268992,13205504,13142016,13078528,13015040,12951552,12888064,12824576,12761088,12697600,12634112,12570624,12507136,12443648,12380160,12316672,12253184,12189696,12126208,12062720,11999232,11935744,11872256,11808768,11745280,11681792,11618304,11554816,11491328,11427840,11364352,11300864,11237376,11173888,11110400,11046912,10983424,10919936,10856448,10792960,10729472,10665984,10602496,10539008,10475520,10412032,10348544,10285056,10221568,10158080,10094592,10031104,9967616,9904128,9840640,9777152,9713664,9650176,9586688,9523200,9459712,9396224,9332736,9269248,9205760,9142272,9078784,9015296,8951808,8888320,8824832,8761344,8697856,8634368,8570880,8507392,8443904,8380416,8316928,8253440,8189952,8126464,8062976,7999488,7936000,7872512,7809024,7745536,7682048,7618560,7555072,7491584,7428096,7364608,7301120,7237632,7174144,7110656,7047168,6983680,6920192,6856704,6793216,6729728,6666240,6602752,6539264,6475776,6412288,6348800,6285312,6221824,6158336,6094848,6031360,5967872,5904384,5840896,5777408,5713920,5650432,5586944,5523456,5459968,5396480,5332992,5269504,5206016,5142528,5079040,5015552,4952064,4888576,4825088,4761600,4698112,4634624,4571136,4507648,4444160,4380672,4317184,4253696,4190208,4126720,4063232,3999744,3936256,3872768,3809280,3745792,3682304,3618816,3555328,3491840,3428352,3364864,3301376,3237888,3174400,3110912,3047424,2983936,2920448,2856960,2793472,2729984,2666496,2603008,2539520,2476032,2412544,2349056,2285568,2222080,2158592,2095104,2031616,1968128,1904640,1841152,1777664,1714176,1650688,1587200,1523712,1460224,1396736,1333248,1269760,1206272,1142784,1079296,1015808,952320,888832,825344,761856,698368,634880,571392,507904,444416,380928,317440,253952,190464,126976,63488,63488
16124160,16060928,15997696,15934464,15871232,15808000,15744768,15681536,15618304,15555072,15491840,15428608,15365376,15302144,15238912,15175680,15112448,15049216,14985984,14922752,14859520,14796288,14733056,14669824,14606592,14543360,14480128,14416896,14353664,14290432,14227200,14163968,14100736,14037504,13974272,13911040,13847808,13784576,13721344,13658112,13594880,13531648,13468416,13405184,13341952,13278720,13215488,13152256,13089024,13025792,12962560,12899328,12836096,12772864,12709632,12646400,12583168,12519936,12456704,12393472,12330240,12267008,12203776,12140544,12077312,12014080,11950848,11887616,11824384,11761152,11697920,11634688,11571456,11508224,11444992,11381760,11318528,11255296,11192064,11128832,11065600,11002368,10939136,10875904,10812672,10749440,10686208,10622976,10559744,10496512,10433280,10370048,10306816,10243584,10180352,10117120,10053888,9990656,9927424,9864192,9800960,9737728,9674496,9611264,9548032,9484800,9421568,9358336,9295104,9231872,9168640,9105408,9042176,8978944,8915712,8852480,8789248,8726016,8662784,8599552,8536320,8473088,8409856,8346624,8283392,8220160,8156928,8093696,8030464,7967232,7904000,7840768,7777536,7714304,7651072,7587840,7524608,7461376,7398144,7334912,7271680,7208448,7145216,7081984,7018752,6955520,6892288,6829056,6765824,6702592,6639360,6576128,6512896,6449664,6386432,6323200,6259968,6196736,6133504,6070272,6007040,5943808,5880576,5817344,5754112,5690880,5627648,5564416,5501184,5437952,5374720,5311488,5248256,5185024,5121792,5058560,4995328,4932096,4868864,4805632,4742400,4679168,4615936,4552704,4489472,4426240,4363008,4299776,4236544,4173312,4110080,4046848,3983616,3920384,3857152,3793920,3730688,3667456,3604224,3540992,3477760,3414528,3351296,3288064,3224832,3161600,3098368,3035136,2971904,2908672,2845440,2782208,2718976,2655744,2592512,2529280,2466048,2402816,2339584,2276352,2213120,2149888,2086656,2023424,1960192,1896960,1833728,1770496,1707264,1644032,1580800,1517568,1454336,1391104,1327872,1264640,1201408,1138176,1074944,1011712,948480,885248,822016,758784,695552,632320,569088,505856,442624,379392,316160,252928,189696,126464,63232,63232
16058880,15995904,15932928,15869952,15806976,15744000,15681024,15618048,15555072,15492096,15429120,15366144,15303168,15240192,15177216,15114240,15051264,14988288,14925312,14862336,14799360,14736384,14673408,14610432,14547456,14484480,14421504,14358528,14295552,14232576,14169600,14106624,14043648,13980672,13917696,13854720,13791744,13728768,13665792,13602816,13539840,13476864,13413888,13350912,13287936,13224960,13161984,13099008,13036032,12973056,12910080,12847104,12784128,12721152,12658176,12595200,12532224,12469248,12406272,12343296,12280320,12217344,12154368,12091392,12028416,11965440,11902464,11839488,11776512,11713536,11650560,11587584,11524608,11461632,11398656,11335680,11272704,11209728,11146752,11083776,11020800,10957824,10894848,10831872,10768896,10705920,10642944,10579968,10516992,10454016,10391040,10328064,10265088,10202112,10139136,10076160,10013184,9950208,9887232,9824256,9761280,9698304,9635328,9572352,9509376,9446400,9383424,9320448,9257472,9194496,9131520,9068544,9005568,8942592,8879616,8816640,8753664,8690688,8627712,8564736,8501760,8438784,8375808,8312832,8249856,8186880,8123904,8060928,7997952,7934976,7872000,7809024,7746048,7683072,7620096,7557120,7494144,7431168,7368192,7305216,7242240,7179264,7116288,7053312,6990336,6927360,6864384,6801408,6738432,6675456,6612480,6549504,6486528,6423552,6360576,6297600,6234624,6171648,6108672,6045696,5982720,5919744,5856768,5793792,5730816,5667840,5604864,5541888,5478912,5415936,5352960,5289984,5227008,5164032,5101056,5038080,4975104,4912128,4849152,4786176,4723200,4660224,4597248,4534272,4471296,4408320,4345344,4282368,4219392,4156416,4093440,4030464,3967488,3904512,3841536,3778560,3715584,3652608,3589632,3526656,3463680,3400704,3337728,3274752,3211776,3148800,3085824,3022848,2959872,2896896,2833920,2770944,2707968,2644992,2582016,2519040,2456064,2393088,2330112,2267136,2204160,2141184,2078208,2015232,1952256,1889280,1826304,1763328,1700352,1637376,1574400,1511424,1448448,1385472,1322496,1259520,1196544,1133568,1070592,1007616,944640,881664,818688,755712,692736,629760,566784,503808,440832,377856,314880,251904,188928,125952,62976,62976
15993600,15930880,15868160,15805440,15742720,15680000,15617280,15554560,15491840,15429120,15366400,15303680,15240960,15178240,15115520,15052800,14990080,14927360,14864640,14801920,14739200,14676480,14613760,14551040,14488320,14425600,14362880,14300160,14237440,14174720,14112000,14049280,13986560,13923840,13861120,13798400,13735680,13672960,13610240,13547520,13484800,13422080,13359360,13296640,13233920,13171200,13108480,13045760,12983040,12920320,12857600,12794880,12732160,12669440,12606720,12544000,12481280,12418560,12355840,12293120,12230400,12167680,12104960,12042240,11979520,11916800,11854080,11791360,11728640,11665920,11603200,11540480,11477760,11415040,11352320,11289600,11226880,11164160,11101440,11038720,10976000,10913280,10850560,10787840,10725120,10662400,10599680,10536960,10474240,10411520,10348800,10286080,10223360,10160640,10097920,10035200,9972480,9909760,9847040,9784320,9721600,9658880,9596160,9533440,9470720,9408000,9345280,9282560,9219840,9157120,9094400,9031680,8968960,8906240,8843520,8780800,8718080,8655360,8592640,8529920,8467200,8404480,8341760,8279040,8216320,8153600,8090880,8028160,7965440,7902720,7840000,7777280,7714560,7651840,7589120,7526400,7463680,7400960,7338240,7275520,7212800,7150080,7087360,7024640,6961920,6899200,6836480,6773760,6711040,6648320,6585600,6522880,6460160,6397440,6334720,6272000,6209280,6146560,6083840,6021120,5958400,5895680,5832960,5770240,5707520,5644800,5582080,5519360,5456640,5393920,5331200,5268480,5205760,5143040,5080320,5017600,4954880,4892160,4829440,4766720,4704000,4641280,4578560,4515840,4453120,4390400,4327680,4264960,4202240,4139520,4076800,4014080,3951360,3888640,3825920,3763200,3700480,3637760,3575040,3512320,3449600,3386880,3324160,3261440,3198720,3136000,3073280,3010560,2947840,2885120,2822400,2759680,2696960,2634240,2571520,2508800,2446080,2383360,2320640,2257920,2195200,2132480,2069760,2007040,1944320,1881600,1818880,1756160,1693440,1630720,1568000,1505280,1442560,1379840,1317120,1254400,1191680,1128960,1066240,1003520,940800,878080,815360,752640,689920,627200,564480,501760,439040,376320,313600,250880,188160,125440,62720,62720
15928320,15865856,15803392,15740928,15678464,15616000,15553536,15491072,15428608,15366144,15303680,15241216,15178752,15116288,15053824,14991360,14928896,14866432,14803968,14741504,14679040,14616576,14554112,14491648,14429184,14366720,14304256,14241792,14179328,14116864,14054400,13991936,13929472,13867008,13804544,13742080,13679616,13617152,13554688,13492224,13429760,13367296,13304832,13242368,13179904,13117440,13054976,12992512,12930048,12867584,12805120,12742656,12680192,12617728,12555264,12492800,12430336,12367872,12305408,12242944,12180480,12118016,12055552,11993088,11930624,11868160,11805696,11743232,11680768,11618304,11555840,11493376,11430912,11368448,11305984,11243520,11181056,11118592,11056128,10993664,10931200,10868736,10806272,10743808,10681344,10618880,10556416,10493952,10431488,10369024,10306560,10244096,10181632,10119168,10056704,9994240,9931776,9869312,9806848,9744384,9681920,9619456,9556992,9494528,9432064,9369600,9307136,9244672,9182208,9119744,9057280,8994816,8932352,8869888,8807424,8744960,8682496,8620032,8557568,8495104,8432640,8370176,8307712,8245248,8182784,8120320,8057856,7995392,7932928,7870464,7808000,7745536,7683072,7620608,7558144,7495680,7433216,7370752,7308288,7245824,7183360,7120896,7058432,6995968,6933504,6871040,6808576,6746112,6683648,6621184,6558720,6496256,6433792,6371328,6308864,6246400,6183936,6121472,6059008,5996544,5934080,5871616,5809152,5746688,5684224,5621760,5559296,5496832,5434368,5371904,5309440,5246976,5184512,5122048,5059584,4997120,4934656,4872192,4809728,4747264,4684800,4622336,4559872,4497408,4434944,4372480,4310016,4247552,4185088,4122624,4060160,3997696,3935232,3872768,3810304,3747840,3685376,3622912,3560448,3497984,3435520,3373056,3310592,3248128,3185664,3123200,3060736,2998272,2935808,2873344,2810880,2748416,2685952,2623488,2561024,2498560,2436096,2373632,2311168,2248704,2186240,2123776,2061312,1998848,1936384,1873920,1811456,1748992,1686528,1624064,1561600,1499136,1436672,1374208,1311744,1249280,1186816,1124352,1061888,999424,936960,874496,812032,749568,687104,624640,562176,499712,437248,374784,312320,249856,187392,124928,62464,62464
15863040,15800832,15738624,15676416,15614208,15552000,15489792,15427584,15365376,15303168,15240960,15178752,15116544,15054336,14992128,14929920,14867712,14805504,14743296,14681088,14618880,14556672,14494464,14432256,14370048,14307840,14245632,14183424,14121216,14059008,13996800,13934592,13872384,13810176,13747968,13685760,13623552,13561344,13499136,13436928,13374720,13312512,13250304,13188096,13125888,13063680,13001472,12939264,12877056,12814848,12752640,12690432,12628224,12566016,12503808,12441600,12379392,12317184,12254976,12192768,12130560,12068352,12006144,11943936,11881728,11819520,11757312,11695104,11632896,11570688,11508480,11446272,11384064,11321856,11259648,11197440,11135232,11073024,11010816,10948608,10886400,10824192,10761984,10699776,10637568,10575360,10513152,10450944,10388736,10326528,10264320,10202112,10139904,10077696,10015488,9953280,9891072,9828864,9766656,9704448,9642240,9580032,9517824,9455616,9393408,9331200,9268992,9206784,9144576,9082368,9020160,8957952,8895744,8833536,8771328,8709120,8646912,8584704,8522496,8460288,8398080,8335872,8273664,8211456,8149248,8087040,8024832,7962624,7900416,7838208,7776000,7713792,7651584,7589376,7527168,7464960,7402752,7340544,7278336,7216128,7153920,7091712,7029504,6967296,6905088,6842880,6780672,6718464,6656256,6594048,6531840,6469632,6407424,6345216,6283008,6220800,6158592,6096384,6034176,5971968,5909760,5847552,5785344,5723136,5660928,5598720,5536512,5474304,5412096,5349888,5287680,5225472,5163264,5101056,5038848,4976640,4914432,4852224,4790016,4727808,4665600,4603392,4541184,4478976,4416768,4354560,4292352,4230144,4167936,4105728,4043520,3981312,3919104,3856896,3794688,3732480,3670272,3608064,3545856,3483648,3421440,3359232,3297024,3234816,3172608,3110400,3048192,2985984,2923776,2861568,2799360,2737152,2674944,2612736,2550528,2488320,2426112,2363904,2301696,2239488,2177280,2115072,2052864,1990656,1928448,1866240,1804032,1741824,1679616,1617408,1555200,1492992,1430784,1368576,1306368,1244160,1181952,1119744,1057536,995328,933120,870912,808704,746496,684288,622080,559872,497664,435456,373248,311040,248832,186624,124416,62208,62208
15797760,15735808,15673856,15611904,15549952,15488000,15426048,15364096,15302144,15240192,15178240,15116288,15054336,14992384,14930432,14868480,14806528,14744576,14682624,14620672,14558720,14496768,14434816,14372864,14310912,14248960,14187008,14125056,14063104,14001152,13939200,13877248,13815296,13753344,13691392,13629440,13567488,13505536,13443584,13381632,13319680,13257728,13195776,13133824,13071872,13009920,12947968,12886016,12824064,12762112,12700160,12638208,12576256,12514304,12452352,12390400,12328448,12266496,12204544,12142592,12080640,12018688,11956736,11894784,11832832,11770880,11708928,11646976,11585024,11523072,11461120,11399168,11337216,11275264,11213312,11151360,11089408,11027456,10965504,10903552,10841600,10779648,10717696,10655744,10593792,10531840,10469888,10407936,10345984,10284032,10222080,10160128,10098176,10036224,9974272,9912320,9850368,9788416,9726464,9664512,9602560,9540608,9478656,9416704,9354752,9292800,9230848,9168896,9106944,9044992,8983040,8921088,8859136,8797184,8735232,8673280,8611328,8549376,8487424,8425472,8363520,8301568,8239616,8177664,8115712,8053760,7991808,7929856,7867904,7805952,7744000,7682048,7620096,7558144,7496192,7434240,7372288,7310336,7248384,7186432,7124480,7062528,7000576,6938624,6876672,6814720,6752768,6690816,6628864,6566912,6504960,6443008,6381056,6319104,6257152,6195200,6133248,6071296,6009344,5947392,5885440,5823488,5761536,5699584,5637632,5575680,5513728,5451776,5389824,5327872,5265920,5203968,5142016,5080064,5018112,4956160,4894208,4832256,4770304,4708352,4646400,4584448,4522496,4460544,4398592,4336640,4274688,4212736,4150784,4088832,4026880,3964928,3902976,3841024,3779072,3717120,3655168,3593216,3531264,3469312,3407360,3345408,3283456,3221504,3159552,3097600,3035648,2973696,2911744,2849792,2787840,2725888,2663936,2601984,2540032,2478080,2416128,2354176,2292224,2230272,2168320,2106368,2044416,1982464,1920512,1858560,1796608,1734656,1672704,1610752,1548800,1486848,1424896,1362944,1300992,1239040,1177088,1115136,1053184,991232,929280,867328,805376,743424,681472,619520,557568,495616,433664,371712,309760,247808,185856,123904,61952,61952
15732480,15670784,15609088,15547392,15485696,15424000,15362304,15300608,15238912,15177216,15115520,15053824,14992128,14930432,14868736,14807040,14745344,14683648,14621952,14560256,14498560,14436864,14375168,14313472,14251776,14190080,14128384,14066688,14004992,13943296,13881600,13819904,13758208,13696512,13634816,13573120,13511424,13449728,13388032,13326336,13264640,13202944,13141248,13079552,13017856,12956160,12894464,12832768,12771072,12709376,12647680,12585984,12524288,12462592,12400896,12339200,12277504,12215808,12154112,12092416,12030720,11969024,11907328,11845632,11783936,11722240,11660544,11598848,11537152,11475456,11413760,11352064,11290368,11228672,11166976,11105280,11043584,10981888,10920192,10858496,10796800,10735104,10673408,10611712,10550016,10488320,10426624,10364928,10303232,10241536,10179840,10118144,10056448,9994752,9933056,9871360,9809664,9747968,9686272,9624576,9562880,9501184,9439488,9377792,9316096,9254400,9192704,9131008,9069312,9007616,8945920,8884224,8822528,8760832,8699136,8637440,8575744,8514048,8452352,8390656,8328960,8267264,8205568,8143872,8082176,8020480,7958784,7897088,7835392,7773696,7712000,7650304,7588608,7526912,7465216,7403520,7341824,7280128,7218432,7156736,7095040,7033344,6971648,6909952,6848256,6786560,6724864,6663168,6601472,6539776,6478080,6416384,6354688,6292992,6231296,6169600,6107904,6046208,5984512,5922816,5861120,5799424,5737728,5676032,5614336,5552640,5490944,5429248,5367552,5305856,5244160,5182464,5120768,5059072,4997376,4935680,4873984,4812288,4750592,4688896,4627200,4565504,4503808,4442112,4380416,4318720,4257024,4195328,4133632,4071936,4010240,3948544,3886848,3825152,3763456,3701760,3640064,3578368,3516672,3454976,3393280,3331584,3269888,3208192,3146496,3084800,3023104,2961408,2899712,2838016,2776320,2714624,2652928,2591232,2529536,2467840,2406144,2344448,2282752,2221056,2159360,2097664,2035968,1974272,1912576,1850880,1789184,1727488,1665792,1604096,1542400,1480704,1419008,1357312,1295616,1233920,1172224,1110528,1048832,987136,925440,863744,802048,740352,678656,616960,555264,493568,431872,370176,308480,246784,185088,123392,61696,61696
15667200,15605760,15544320,15482880,15421440,15360000,15298560,15237120,15175680,15114240,15052800,14991360,14929920,14868480,14807040,14745600,14684160,14622720,14561280,14499840,14438400,14376960,14315520,14254080,14192640,14131200,14069760,14008320,13946880,13885440,13824000,13762560,13701120,13639680,13578240,13516800,13455360,13393920,13332480,13271040,13209600,13148160,13086720,13025280,12963840,12902400,12840960,12779520,12718080,12656640,12595200,12533760,12472320,12410880,12349440,12288000,12226560,12165120,12103680,12042240,11980800,11919360,11857920,11796480,11735040,11673600,11612160,11550720,11489280,11427840,11366400,11304960,11243520,11182080,11120640,11059200,10997760,10936320,10874880,10813440,10752000,10690560,10629120,10567680,10506240,10444800,10383360,10321920,10260480,10199040,10137600,10076160,10014720,9953280,9891840,9830400,9768960,9707520,9646080,9584640,9523200,9461760,9400320,9338880,9277440,9216000,9154560,9093120,9031680,8970240,8908800,8847360,8785920,8724480,8663040,8601600,8540160,8478720,8417280,8355840,8294400,8232960,8171520,8110080,8048640,7987200,7925760,7864320,7802880,7741440,7680000,7618560,7557120,7495680,7434240,7372800,7311360,7249920,7188480,7127040,7065600,7004160,6942720,6881280,6819840,6758400,6696960,6635520,6574080,6512640,6451200,6389760,6328320,6266880,6205440,6144000,6082560,6021120,5959680,5898240,5836800,5775360,5713920,5652480,5591040,5529600,5468160,5406720,5345280,5283840,5222400,5160960,5099520,5038080,4976640,4915200,4853760,4792320,4730880,4669440,4608000,4546560,4485120,4423680,4362240,4300800,4239360,4177920,4116480,4055040,3993600,3932160,3870720,3809280,3747840,3686400,3624960,3563520,3502080,3440640,3379200,3317760,3256320,3194880,3133440,3072000,3010560,2949120,2887680,2826240,2764800,2703360,2641920,2580480,2519040,2457600,2396160,2334720,2273280,2211840,2150400,2088960,2027520,1966080,1904640,1843200,1781760,1720320,1658880,1597440,1536000,1474560,1413120,1351680,1290240,1228800,1167360,1105920,1044480,983040,921600,860160,798720,737280,675840,614400,552960,491520,430080,368640,307200,245760,184320,122880,61440,61440
15601920,15540736,15479552,15418368,15357184,15296000,15234816,15173632,15112448,15051264,14990080,14928896,14867712,14806528,14745344,14684160,14622976,14561792,14500608,14439424,14378240,14317056,14255872,14194688,14133504,14072320,14011136,13949952,13888768,13827584,13766400,13705216,13644032,13582848,13521664,13460480,13399296,13338112,13276928,13215744,13154560,13093376,13032192,12971008,12909824,12848640,12787456,12726272,12665088,12603904,12542720,12481536,12420352,12359168,12297984,12236800,12175616,12114432,12053248,11992064,11930880,11869696,11808512,11747328,11686144,11624960,11563776,11502592,11441408,11380224,11319040,11257856,11196672,11135488,11074304,11013120,10951936,10890752,10829568,10768384,10707200,10646016,10584832,10523648,10462464,10401280,10340096,10278912,10217728,10156544,10095360,10034176,9972992,9911808,9850624,9789440,9728256,9667072,9605888,9544704,9483520,9422336,9361152,9299968,9238784,9177600,9116416,9055232,8994048,8932864,8871680,8810496,8749312,8688128,8626944,8565760,8504576,8443392,8382208,8321024,8259840,8198656,8137472,8076288,8015104,7953920,7892736,7831552,7770368,7709184,7648000,7586816,7525632,7464448,7403264,7342080,7280896,7219712,7158528,7097344,7036160,6974976,6913792,6852608,6791424,6730240,6669056,6607872,6546688,6485504,6424320,6363136,6301952,6240768,6179584,6118400,6057216,5996032,5934848,5873664,5812480,5751296,5690112,5628928,5567744,5506560,5445376,5384192,5323008,5261824,5200640,5139456,5078272,5017088,4955904,4894720,4833536,4772352,4711168,4649984,4588800,4527616,4466432,4405248,4344064,4282880,4221696,4160512,4099328,4038144,3976960,3915776,3854592,3793408,3732224,3671040,3609856,3548672,3487488,3426304,3365120,3303936,3242752,3181568,3120384,3059200,2998016,2936832,2875648,2814464,2753280,2692096,2630912,2569728,2508544,2447360,2386176,2324992,2263808,2202624,2141440,2080256,2019072,1957888,1896704,1835520,1774336,1713152,1651968,1590784,1529600,1468416,1407232,1346048,1284864,1223680,1162496,1101312,1040128,978944,917760,856576,795392,734208,673024,611840,550656,489472,428288,367104,305920,244736,183552,122368,61184,61184
15536640,15475712,15414784,15353856,15292928,15232000,15171072,15110144,15049216,14988288,14927360,14866432,14805504,14744576,14683648,14622720,14561792,14500864,14439936,14379008,14318080,14257152,14196224,14135296,14074368,14013440,13952512,13891584,13830656,13769728,13708800,13647872,13586944,13526016,13465088,13404160,13343232,13282304,13221376,13160448,13099520,13038592,12977664,12916736,12855808,12794880,12733952,12673024,12612096,12551168,12490240,12429312,12368384,12307456,12246528,12185600,12124672,12063744,12002816,11941888,11880960,11820032,11759104,11698176,11637248,11576320,11515392,11454464,11393536,11332608,11271680,11210752,11149824,11088896,11027968,10967040,10906112,10845184,10784256,10723328,10662400,10601472,10540544,10479616,10418688,10357760,10296832,10235904,10174976,10114048,10053120,9992192,9931264,9870336,9809408,9748480,9687552,9626624,9565696,9504768,9443840,9382912,9321984,9261056,9200128,9139200,9078272,9017344,8956416,8895488,8834560,8773632,8712704,8651776,8590848,8529920,8468992,8408064,8347136,8286208,8225280,8164352,8103424,8042496,7981568,7920640,7859712,7798784,7737856,7676928,7616000,7555072,7494144,7433216,7372288,7311360,7250432,7189504,7128576,7067648,7006720,6945792,6884864,6823936,6763008,6702080,6641152,6580224,6519296,6458368,6397440,6336512,6275584,6214656,6153728,6092800,6031872,5970944,5910016,5849088,5788160,5727232,5666304,5605376,5544448,5483520,5422592,5361664,5300736,5239808,5178880,5117952,5057024,4996096,4935168,4874240,4813312,4752384,4691456,4630528,4569600,4508672,4447744,4386816,4325888,4264960,4204032,4143104,4082176,4021248,3960320,3899392,3838464,3777536,3716608,3655680,3594752,3533824,3472896,3411968,3351040,3290112,3229184,3168256,3107328,3046400,2985472,2924544,2863616,2802688,2741760,2680832,2619904,2558976,2498048,2437120,2376192,2315264,2254336,2193408,2132480,2071552,2010624,1949696,1888768,1827840,1766912,1705984,1645056,1584128,1523200,1462272,1401344,1340416,1279488,1218560,1157632,1096704,1035776,974848,913920,852992,792064,731136,670208,609280,548352,487424,426496,365568,304640,243712,182784,121856,60928,60928
